815
0 0 0 7
0 8 0 17
0 18 0 28
1 0 1 9
1 10 1 21
1 22 1 30
1 31 1 41
1 42 1 50
1 51 1 61
3 0 3 8
4 0 4 8
4 9 4 18
5 0 5 9
5 10 5 21
5 22 5 32
5 33 5 44
6 0 6 8
7 0 7 8
7 9 7 18
7 19 7 28
7 29 7 38
7 39 7 48
7 49 7 57
7 58 7 66
8 0 8 7
8 8 8 16
10 0 10 7
10 8 10 17
10 18 10 29
10 30 10 38
10 39 10 48
10 49 10 59
10 60 10 69
10 70 10 81
10 82 10 90
10 91 10 99
10 100 10 108
11 0 11 9
11 10 11 18
11 19 11 28
11 29 11 37
11 38 11 48
11 49 11 58
11 59 11 70
11 71 11 79
11 80 11 89
11 90 11 98
12 0 12 7
12 8 12 16
12 17 12 28
13 0 13 7
14 0 14 9
14 10 14 20
14 21 14 30
14 31 14 39
14 40 14 48
14 49 14 57
14 58 14 69
14 70 14 79
14 80 14 91
15 0 15 8
15 9 15 18
15 19 15 29
15 30 15 39
15 40 15 51
15 52 15 62
15 63 15 74
15 75 15 84
16 0 16 9
16 10 16 21
16 22 16 30
16 31 16 41
16 42 16 51
16 52 16 62
16 63 16 71
16 72 16 83
16 84 16 94
17 0 17 8
17 9 17 17
17 18 17 26
17 27 17 35
17 36 17 46
17 47 17 55
17 56 17 66
17 67 17 76
17 77 17 85
17 86 17 97
17 98 17 107
18 0 18 8
18 9 18 17
18 18 18 26
18 27 18 36
18 37 18 46
18 47 18 55
18 56 18 66
19 0 19 11
19 12 19 23
19 24 19 33
19 34 19 43
19 44 19 53
19 54 19 64
19 65 19 74
19 75 19 84
19 85 19 93
19 94 19 104
20 0 20 9
20 10 20 20
20 21 20 30
20 31 20 39
20 40 20 51
20 52 20 60
20 61 20 72
20 73 20 82
20 83 20 92
21 0 21 8
21 9 21 20
21 21 21 30
21 31 21 39
21 40 21 48
21 49 21 58
21 59 21 67
21 68 21 76
21 77 21 85
21 86 21 94
21 95 21 104
21 105 21 115
21 116 21 127
21 128 21 137
21 138 21 146
22 0 22 8
22 9 22 18
22 19 22 27
22 28 22 37
22 38 22 47
22 48 22 57
22 58 22 69
22 70 22 79
22 80 22 89
22 90 22 100
22 101 22 109
22 110 22 118
22 119 22 127
22 128 22 136
22 137 22 145
22 146 22 155
22 156 22 165
22 166 22 175
22 176 22 184
22 185 22 193
22 194 22 205
22 206 22 215
22 216 22 224
22 225 22 233
22 234 22 242
23 0 23 8
23 9 23 18
23 19 23 30
24 0 24 8
25 0 25 7
25 8 25 16
25 17 25 25
25 26 25 35
25 36 25 45
25 46 25 55
26 0 26 7
26 8 26 17
27 0 27 9
27 10 27 21
28 0 28 7
28 8 28 16
28 17 28 27
28 28 28 36
28 37 28 48
28 49 28 57
29 0 29 9
29 10 29 21
30 0 30 7
30 8 30 16
31 0 31 7
31 8 31 16
32 0 32 7
32 8 32 18
32 19 32 28
32 29 32 38
32 39 32 48
32 49 32 57
32 58 32 68
32 69 32 79
32 80 32 91
32 92 32 100
32 101 32 109
33 0 33 8
33 9 33 17
33 18 33 26
35 0 35 10
35 11 35 22
35 23 35 31
36 0 36 7
37 0 37 8
38 0 38 10
38 11 38 19
38 20 38 31
38 32 38 41
38 42 38 50
38 51 38 59
38 60 38 70
38 71 38 80
41 0 41 9
41 10 41 21
41 22 41 30
41 31 41 39
41 40 41 50
41 51 41 59
41 60 41 69
41 70 41 79
41 80 41 88
41 89 41 99
41 100 41 108
41 109 41 119
41 120 41 130
41 131 41 142
41 143 41 153
41 154 41 163
41 164 41 175
41 176 41 184
41 185 41 193
41 194 41 205
42 0 42 8
43 0 43 8
43 9 43 17
44 0 44 9
45 0 45 10
45 11 45 21
45 22 45 31
45 32 45 40
45 41 45 50
47 0 47 7
47 8 47 17
47 18 47 26
49 0 49 7
49 8 49 17
49 18 49 26
49 27 49 35
50 0 50 8
51 0 51 7
51 8 51 19
51 20 51 29
51 30 51 39
51 40 51 51
52 0 52 9
52 10 52 19
52 20 52 30
53 0 53 8
53 9 53 19
53 20 53 28
53 29 53 37
53 38 53 48
53 49 53 60
53 61 53 70
53 71 53 79
53 80 53 90
53 91 53 100
54 0 54 8
54 9 54 20
54 21 54 31
54 32 54 40
54 41 54 50
55 0 55 8
55 9 55 19
55 20 55 31
55 32 55 43
55 44 55 55
55 56 55 67
55 68 55 77
56 0 56 7
56 8 56 17
57 0 57 8
57 9 57 17
57 18 57 29
57 30 57 39
58 0 58 9
58 10 58 20
58 21 58 32
58 33 58 42
58 43 58 51
58 52 58 62
58 63 58 71
58 72 58 80
58 81 58 89
58 90 58 100
58 101 58 109
58 110 58 120
58 121 58 130
59 0 59 7
59 8 59 16
59 17 59 28
59 29 59 38
61 0 61 10
61 11 61 19
62 0 62 8
62 9 62 17
62 18 62 27
62 28 62 36
62 37 62 45
62 46 62 54
62 55 62 65
64 0 64 11
64 12 64 23
65 0 65 11
66 0 66 8
66 9 66 20
66 21 66 30
66 31 66 39
67 0 67 9
67 10 67 20
67 21 67 30
67 31 67 39
67 40 67 51
67 52 67 63
67 64 67 74
67 75 67 86
67 87 67 96
67 97 67 106
67 107 67 115
67 116 67 124
67 125 67 135
67 136 67 146
67 147 67 155
68 0 68 8
68 9 68 17
68 18 68 28
69 0 69 8
70 0 70 7
70 8 70 18
70 19 70 27
70 28 70 36
70 37 70 46
70 47 70 58
70 59 70 69
70 70 70 78
70 79 70 88
70 89 70 98
70 99 70 109
70 110 70 118
70 119 70 128
70 129 70 140
70 141 70 150
71 0 71 10
71 11 71 19
72 0 72 11
72 12 72 21
72 22 72 30
72 31 72 41
72 42 72 53
72 54 72 62
72 63 72 71
72 72 72 80
72 81 72 89
72 90 72 100
72 101 72 111
72 112 72 122
72 123 72 134
72 135 72 146
73 0 73 10
73 11 73 19
73 20 73 29
73 30 73 38
74 0 74 11
74 12 74 20
74 21 74 29
74 30 74 40
74 41 74 49
74 50 74 61
74 62 74 72
74 73 74 81
74 82 74 90
75 0 75 8
75 9 75 18
76 0 76 9
76 10 76 21
76 22 76 31
76 32 76 41
77 0 77 8
77 9 77 20
77 21 77 30
77 31 77 39
77 40 77 51
77 52 77 60
77 61 77 69
77 70 77 81
77 82 77 91
77 92 77 100
78 0 78 7
78 8 78 19
78 20 78 28
78 29 78 37
78 38 78 47
78 48 78 57
78 58 78 69
78 70 78 79
78 80 78 88
78 89 78 100
78 101 78 110
79 0 79 10
79 11 79 20
79 21 79 30
79 31 79 39
79 40 79 50
79 51 79 59
79 60 79 68
80 0 80 9
81 0 81 7
81 8 81 16
81 17 81 25
81 26 81 35
81 36 81 45
81 46 81 57
81 58 81 68
82 0 82 7
82 8 82 16
82 17 82 28
82 29 82 37
82 38 82 48
82 49 82 58
82 59 82 67
82 68 82 76
83 0 83 7
83 8 83 16
84 0 84 11
84 12 84 20
84 21 84 29
86 0 86 7
86 8 86 17
86 18 86 28
86 29 86 37
86 38 86 47
86 48 86 57
86 58 86 66
87 0 87 9
88 0 88 9
88 10 88 21
89 0 89 9
90 0 90 11
91 0 91 7
91 8 91 19
91 20 91 31
91 32 91 41
91 42 91 51
91 52 91 61
91 62 91 70
91 71 91 79
92 0 92 8
93 0 93 11
93 12 93 20
93 21 93 29
93 30 93 38
93 39 93 48
93 49 93 60
93 61 93 69
94 0 94 7
94 8 94 17
94 18 94 26
95 0 95 8
95 9 95 17
95 18 95 27
95 28 95 36
95 37 95 47
95 48 95 58
95 59 95 68
95 69 95 80
95 81 95 89
95 90 95 98
95 99 95 109
95 110 95 118
95 119 95 128
95 129 95 140
96 0 96 9
96 10 96 19
96 20 96 29
98 0 98 10
98 11 98 19
98 20 98 31
98 32 98 40
98 41 98 51
98 52 98 61
98 62 98 70
98 71 98 80
98 81 98 89
99 0 99 8
100 0 100 7
100 8 100 16
100 17 100 27
100 28 100 38
101 0 101 10
101 11 101 22
101 23 101 32
102 0 102 10
102 11 102 20
102 21 102 32
102 33 102 43
102 44 102 52
102 53 102 61
103 0 103 8
103 9 103 20
103 21 103 32
103 33 103 41
103 42 103 51
103 52 103 60
105 0 105 9
105 10 105 20
105 21 105 32
105 33 105 41
105 42 105 51
105 52 105 62
106 0 106 7
107 0 107 8
107 9 107 19
108 0 108 9
109 0 109 7
109 8 109 17
109 18 109 29
109 30 109 38
109 39 109 48
109 49 109 57
109 58 109 69
109 70 109 78
109 79 109 89
109 90 109 99
109 100 109 109
110 0 110 7
110 8 110 16
110 17 110 26
110 27 110 36
110 37 110 45
110 46 110 54
110 55 110 66
110 67 110 76
112 0 112 8
112 9 112 17
112 18 112 28
112 29 112 40
112 41 112 50
112 51 112 61
112 62 112 70
113 0 113 7
114 0 114 9
114 10 114 20
114 21 114 31
114 32 114 43
115 0 115 7
115 8 115 16
115 17 115 25
115 26 115 34
115 35 115 43
115 44 115 53
115 54 115 64
117 0 117 11
117 12 117 21
118 0 118 8
118 9 118 18
118 19 118 30
120 0 120 8
120 9 120 17
120 18 120 27
120 28 120 37
120 38 120 48
120 49 120 57
120 58 120 68
121 0 121 8
121 9 121 17
124 0 124 7
124 8 124 18
125 0 125 10
125 11 125 21
125 22 125 30
125 31 125 41
127 0 127 9
127 10 127 19
127 20 127 28
127 29 127 39
127 40 127 51
128 0 128 7
128 8 128 17
128 18 128 28
128 29 128 38
130 0 130 8
130 9 130 18
131 0 131 8
132 0 132 8
135 0 135 7
135 8 135 19
135 20 135 28
136 0 136 11
137 0 137 7
137 8 137 18
137 19 137 28
137 29 137 39
137 40 137 48
137 49 137 59
138 0 138 9
139 0 139 8
139 9 139 20
139 21 139 31
139 32 139 40
139 41 139 49
139 50 139 58
140 0 140 9
140 10 140 18
140 19 140 29
140 30 140 41
140 42 140 50
141 0 141 7
141 8 141 19
141 20 141 28
141 29 141 40
142 0 142 9
142 10 142 18
142 19 142 29
142 30 142 38
143 0 143 7
143 8 143 16
143 17 143 28
144 0 144 8
144 9 144 17
144 18 144 28
144 29 144 37
144 38 144 46
145 0 145 8
146 0 146 7
146 8 146 19
146 20 146 30
146 31 146 41
146 42 146 50
146 51 146 59
146 60 146 71
146 72 146 80
146 81 146 89
146 90 146 98
147 0 147 7
147 8 147 16
148 0 148 9
148 10 148 20
149 0 149 11
151 0 151 8
151 9 151 18
151 19 151 27
152 0 152 9
152 10 152 18
153 0 153 10
153 11 153 19
153 20 153 30
154 0 154 8
157 0 157 8
157 9 157 20
157 21 157 29
157 30 157 38
157 39 157 49
157 50 157 61
157 62 157 70
158 0 158 8
158 9 158 17
158 18 158 28
160 0 160 10
161 0 161 9
161 10 161 19
161 20 161 31
161 32 161 41
161 42 161 52
162 0 162 7
162 8 162 16
162 17 162 26
162 27 162 37
162 38 162 48
162 49 162 57
162 58 162 69
163 0 163 7
163 8 163 16
163 17 163 27
163 28 163 38
165 0 165 11
165 12 165 20
165 21 165 29
165 30 165 41
166 0 166 8
166 9 166 18
166 19 166 27
166 28 166 38
168 0 168 9
168 10 168 19
169 0 169 7
170 0 170 10
170 11 170 20
170 21 170 29
171 0 171 7
171 8 171 17
171 18 171 28
171 29 171 38
171 39 171 49
171 50 171 59
171 60 171 71
171 72 171 81
171 82 171 93
171 94 171 104
171 105 171 115
171 116 171 124
171 125 171 134
171 135 171 144
171 145 171 153
171 154 171 164
171 165 171 175
171 176 171 185
171 186 171 194
172 0 172 11
172 12 172 23
172 24 172 32
173 0 173 11
173 12 173 21
173 22 173 31
173 32 173 43
173 44 173 54
173 55 173 66
173 67 173 75
173 76 173 85
173 86 173 95
174 0 174 10
174 11 174 19
175 0 175 9
175 10 175 20
175 21 175 29
176 0 176 11
176 12 176 20
176 21 176 32
176 33 176 43
177 0 177 7
177 8 177 18
177 19 177 28
178 0 178 9
179 0 179 7
179 8 179 17
179 18 179 28
179 29 179 37
179 38 179 46
179 47 179 55
179 56 179 64
179 65 179 74
179 75 179 83
179 84 179 92
179 93 179 101
179 102 179 113
179 114 179 122
180 0 180 10
180 11 180 22
180 23 180 32
180 33 180 41
180 42 180 51
180 52 180 63
180 64 180 72
180 73 180 81
180 82 180 91
180 92 180 102
180 103 180 113
180 114 180 123
180 124 180 132
180 133 180 144
181 0 181 9
181 10 181 19
182 0 182 10
182 11 182 20
182 21 182 30
182 31 182 40
183 0 183 10
183 11 183 20
183 21 183 30
183 31 183 40
185 0 185 8
185 9 185 18
186 0 186 10
186 11 186 19
186 20 186 28
186 29 186 38
187 0 187 10
187 11 187 20
187 21 187 31
187 32 187 40
188 0 188 8
188 9 188 18
188 19 188 27
188 28 188 38
188 39 188 47
189 0 189 9
190 0 190 10
190 11 190 19
191 0 191 10
192 0 192 7
192 8 192 17
192 18 192 27
192 28 192 38
192 39 192 49
192 50 192 58
192 59 192 67
193 0 193 11
193 12 193 23
193 24 193 33
193 34 193 43
193 44 193 54
193 55 193 64
193 65 193 75
194 0 194 7
194 8 194 16
194 17 194 25
195 0 195 10
197 0 197 10
197 11 197 19
197 20 197 30
198 0 198 11
