947
1 0 1 11
2 0 2 11
2 12 2 24
2 25 2 38
3 0 3 12
4 0 4 12
4 13 4 25
4 26 4 39
5 0 5 12
5 13 5 25
5 26 5 38
7 0 7 13
8 0 8 13
11 0 11 11
13 0 13 12
25 0 25 12
27 0 27 11
28 0 28 11
30 0 30 13
30 14 30 27
32 0 32 11
32 12 32 24
33 0 33 11
35 0 35 11
35 12 35 25
36 0 36 13
37 0 37 11
38 0 38 12
38 13 38 25
40 0 40 13
44 0 44 13
44 14 44 27
47 0 47 11
47 12 47 24
47 25 47 38
48 0 48 11
50 0 50 11
50 12 50 24
50 25 50 37
50 38 50 51
51 0 51 11
51 12 51 24
51 25 51 38
53 0 53 12
53 13 53 25
53 26 53 39
53 40 53 53
53 54 53 66
54 0 54 13
55 0 55 12
57 0 57 12
59 0 59 12
60 0 60 11
60 12 60 24
62 0 62 12
65 0 65 12
66 0 66 11
66 12 66 25
68 0 68 13
68 14 68 26
68 27 68 40
69 0 69 12
70 0 70 13
70 14 70 27
74 0 74 13
75 0 75 11
76 0 76 11
76 12 76 24
76 25 76 37
77 0 77 12
78 0 78 12
79 0 79 11
79 12 79 24
79 25 79 37
79 38 79 50
79 51 79 63
79 64 79 76
79 77 79 90
81 0 81 13
82 0 82 13
83 0 83 13
89 0 89 11
89 12 89 25
89 26 89 39
90 0 90 13
91 0 91 13
92 0 92 11
96 0 96 11
97 0 97 11
99 0 99 11
100 0 100 11
100 12 100 25
100 26 100 38
102 0 102 12
104 0 104 13
105 0 105 11
105 12 105 25
107 0 107 11
109 0 109 12
110 0 110 11
110 12 110 24
110 25 110 37
110 38 110 50
110 51 110 63
112 0 112 11
114 0 114 13
115 0 115 11
117 0 117 11
118 0 118 13
119 0 119 12
124 0 124 12
124 13 124 25
124 26 124 38
124 39 124 52
124 53 124 65
124 66 124 78
124 79 124 92
125 0 125 12
125 13 125 26
126 0 126 13
127 0 127 11
128 0 128 11
128 12 128 24
129 0 129 12
130 0 130 11
131 0 131 11
132 0 132 12
134 0 134 12
134 13 134 26
136 0 136 13
137 0 137 11
137 12 137 25
138 0 138 11
138 12 138 25
138 26 138 38
141 0 141 12
142 0 142 12
142 13 142 25
144 0 144 12
144 13 144 26
144 27 144 40
144 41 144 53
144 54 144 66
145 0 145 12
147 0 147 11
147 12 147 24
153 0 153 11
153 12 153 24
153 25 153 37
153 38 153 50
156 0 156 12
156 13 156 25
156 26 156 38
156 39 156 51
156 52 156 64
156 65 156 77
157 0 157 12
158 0 158 11
160 0 160 11
160 12 160 24
160 25 160 37
163 0 163 11
164 0 164 11
166 0 166 13
169 0 169 12
174 0 174 13
175 0 175 12
175 13 175 26
176 0 176 13
176 14 176 27
177 0 177 13
177 14 177 26
177 27 177 40
178 0 178 11
179 0 179 12
181 0 181 12
181 13 181 25
181 26 181 39
181 40 181 53
181 54 181 66
182 0 182 12
183 0 183 11
183 12 183 25
185 0 185 13
185 14 185 26
186 0 186 13
187 0 187 13
187 14 187 27
188 0 188 11
188 12 188 24
190 0 190 11
191 0 191 12
191 13 191 26
195 0 195 11
197 0 197 11
200 0 200 11
201 0 201 11
207 0 207 11
210 0 210 13
210 14 210 27
211 0 211 13
211 14 211 26
215 0 215 13
216 0 216 12
216 13 216 25
216 26 216 38
218 0 218 12
218 13 218 26
218 27 218 40
220 0 220 13
220 14 220 26
221 0 221 13
222 0 222 11
223 0 223 11
223 12 223 25
226 0 226 13
227 0 227 13
230 0 230 11
232 0 232 13
234 0 234 11
234 12 234 25
234 26 234 38
234 39 234 51
236 0 236 12
236 13 236 26
237 0 237 11
238 0 238 11
240 0 240 13
242 0 242 13
242 14 242 26
246 0 246 11
246 12 246 24
247 0 247 11
248 0 248 11
248 12 248 25
249 0 249 12
250 0 250 12
250 13 250 25
251 0 251 11
255 0 255 13
255 14 255 26
256 0 256 12
258 0 258 11
259 0 259 11
259 12 259 24
260 0 260 12
264 0 264 13
265 0 265 13
265 14 265 27
266 0 266 11
270 0 270 11
270 12 270 24
270 25 270 37
271 0 271 12
271 13 271 26
271 27 271 39
274 0 274 12
275 0 275 12
275 13 275 26
277 0 277 13
277 14 277 26
278 0 278 12
281 0 281 12
281 13 281 26
284 0 284 12
285 0 285 13
285 14 285 27
285 28 285 40
285 41 285 54
286 0 286 11
287 0 287 11
288 0 288 13
288 14 288 27
289 0 289 13
289 14 289 27
289 28 289 41
290 0 290 12
290 13 290 25
290 26 290 39
291 0 291 11
291 12 291 24
292 0 292 13
294 0 294 12
295 0 295 11
299 0 299 13
300 0 300 12
301 0 301 12
304 0 304 11
304 12 304 25
305 0 305 12
307 0 307 12
307 13 307 25
308 0 308 13
308 14 308 26
308 27 308 39
308 40 308 53
308 54 308 66
310 0 310 11
310 12 310 24
310 25 310 38
310 39 310 52
310 53 310 66
311 0 311 13
316 0 316 12
316 13 316 26
317 0 317 12
321 0 321 13
323 0 323 11
326 0 326 11
327 0 327 13
327 14 327 26
330 0 330 12
330 13 330 26
330 27 330 40
331 0 331 11
333 0 333 12
333 13 333 26
335 0 335 12
336 0 336 12
336 13 336 26
336 27 336 39
336 40 336 52
340 0 340 13
340 14 340 26
340 27 340 40
341 0 341 11
342 0 342 11
344 0 344 12
346 0 346 12
349 0 349 13
350 0 350 11
350 12 350 24
351 0 351 11
352 0 352 13
355 0 355 11
355 12 355 25
356 0 356 13
356 14 356 27
356 28 356 41
357 0 357 12
358 0 358 13
359 0 359 11
361 0 361 12
363 0 363 11
365 0 365 11
366 0 366 11
368 0 368 11
372 0 372 11
372 12 372 25
372 26 372 39
373 0 373 12
376 0 376 11
378 0 378 13
378 14 378 26
378 27 378 40
381 0 381 12
382 0 382 12
382 13 382 26
382 27 382 40
383 0 383 11
384 0 384 13
384 14 384 26
384 27 384 39
385 0 385 11
387 0 387 13
388 0 388 12
388 13 388 25
389 0 389 11
390 0 390 12
390 13 390 25
392 0 392 11
394 0 394 11
395 0 395 11
397 0 397 12
397 13 397 26
399 0 399 11
400 0 400 12
402 0 402 11
402 12 402 24
403 0 403 11
404 0 404 12
410 0 410 11
412 0 412 12
413 0 413 13
415 0 415 11
416 0 416 13
418 0 418 11
420 0 420 12
421 0 421 12
422 0 422 12
424 0 424 13
428 0 428 13
431 0 431 11
432 0 432 12
433 0 433 11
433 12 433 25
433 26 433 38
434 0 434 12
434 13 434 25
436 0 436 12
438 0 438 11
438 12 438 25
438 26 438 39
439 0 439 11
440 0 440 11
440 12 440 25
442 0 442 11
443 0 443 12
444 0 444 13
447 0 447 11
447 12 447 24
448 0 448 12
449 0 449 13
450 0 450 12
450 13 450 25
453 0 453 13
453 14 453 26
455 0 455 13
457 0 457 12
458 0 458 11
459 0 459 11
462 0 462 11
462 12 462 25
463 0 463 13
466 0 466 11
467 0 467 12
467 13 467 26
468 0 468 12
469 0 469 12
469 13 469 25
471 0 471 11
471 12 471 24
471 25 471 38
474 0 474 13
474 14 474 27
474 28 474 40
475 0 475 11
476 0 476 13
476 14 476 27
477 0 477 11
478 0 478 13
478 14 478 26
478 27 478 39
480 0 480 11
482 0 482 11
482 12 482 24
482 25 482 37
483 0 483 11
483 12 483 25
483 26 483 38
483 39 483 51
484 0 484 11
484 12 484 24
485 0 485 11
486 0 486 13
487 0 487 13
490 0 490 12
491 0 491 13
492 0 492 11
494 0 494 11
494 12 494 25
495 0 495 13
495 14 495 26
498 0 498 12
500 0 500 11
503 0 503 11
504 0 504 12
505 0 505 12
506 0 506 13
506 14 506 27
507 0 507 12
507 13 507 25
508 0 508 12
508 13 508 25
510 0 510 13
510 14 510 27
510 28 510 41
510 42 510 54
510 55 510 68
513 0 513 13
514 0 514 12
515 0 515 13
515 14 515 27
516 0 516 12
519 0 519 12
521 0 521 12
521 13 521 26
523 0 523 11
525 0 525 13
527 0 527 12
531 0 531 12
531 13 531 26
532 0 532 13
535 0 535 12
536 0 536 13
536 14 536 27
536 28 536 40
536 41 536 53
536 54 536 66
536 67 536 80
538 0 538 11
541 0 541 11
541 12 541 25
542 0 542 12
542 13 542 26
543 0 543 11
543 12 543 24
544 0 544 11
544 12 544 25
545 0 545 11
548 0 548 11
548 12 548 24
549 0 549 13
549 14 549 26
550 0 550 11
553 0 553 11
553 12 553 25
554 0 554 11
554 12 554 25
554 26 554 38
555 0 555 12
556 0 556 13
557 0 557 12
557 13 557 25
557 26 557 39
558 0 558 11
561 0 561 11
562 0 562 11
563 0 563 13
564 0 564 13
566 0 566 11
567 0 567 13
568 0 568 11
568 12 568 25
568 26 568 39
570 0 570 12
570 13 570 25
570 26 570 39
570 40 570 52
570 53 570 65
570 66 570 78
571 0 571 13
580 0 580 12
580 13 580 25
580 26 580 39
581 0 581 11
585 0 585 13
586 0 586 12
586 13 586 26
587 0 587 12
588 0 588 12
591 0 591 11
591 12 591 25
592 0 592 11
594 0 594 12
596 0 596 13
597 0 597 12
599 0 599 11
599 12 599 24
599 25 599 37
599 38 599 51
599 52 599 64
600 0 600 13
600 14 600 27
600 28 600 40
600 41 600 53
601 0 601 12
601 13 601 26
602 0 602 12
602 13 602 26
604 0 604 13
605 0 605 11
605 12 605 25
605 26 605 39
605 40 605 53
608 0 608 12
608 13 608 26
610 0 610 13
610 14 610 27
613 0 613 11
613 12 613 24
614 0 614 12
614 13 614 26
615 0 615 13
616 0 616 12
616 13 616 26
622 0 622 12
624 0 624 13
625 0 625 12
625 13 625 25
626 0 626 12
626 13 626 26
627 0 627 11
628 0 628 12
628 13 628 26
628 27 628 40
628 41 628 54
628 55 628 68
630 0 630 12
630 13 630 26
632 0 632 13
634 0 634 11
634 12 634 25
635 0 635 11
637 0 637 11
638 0 638 11
639 0 639 11
641 0 641 12
642 0 642 13
642 14 642 27
643 0 643 13
643 14 643 26
644 0 644 13
644 14 644 27
645 0 645 12
646 0 646 11
647 0 647 11
647 12 647 24
647 25 647 37
649 0 649 12
649 13 649 25
649 26 649 39
650 0 650 11
652 0 652 13
653 0 653 13
654 0 654 13
654 14 654 26
655 0 655 11
656 0 656 12
656 13 656 26
656 27 656 39
656 40 656 53
656 54 656 67
657 0 657 13
657 14 657 26
659 0 659 11
659 12 659 25
660 0 660 13
661 0 661 11
661 12 661 25
661 26 661 38
662 0 662 13
662 14 662 27
662 28 662 40
664 0 664 12
665 0 665 11
666 0 666 11
666 12 666 25
666 26 666 38
667 0 667 12
670 0 670 13
670 14 670 26
670 27 670 39
671 0 671 11
673 0 673 11
674 0 674 11
675 0 675 13
678 0 678 13
678 14 678 27
679 0 679 13
679 14 679 27
681 0 681 13
683 0 683 12
683 13 683 26
683 27 683 39
684 0 684 12
686 0 686 12
686 13 686 25
686 26 686 38
689 0 689 11
689 12 689 24
690 0 690 13
692 0 692 11
692 12 692 25
692 26 692 39
693 0 693 11
696 0 696 11
698 0 698 12
698 13 698 26
701 0 701 12
702 0 702 11
705 0 705 11
705 12 705 25
706 0 706 13
711 0 711 11
711 12 711 24
712 0 712 13
714 0 714 11
715 0 715 11
716 0 716 11
716 12 716 24
716 25 716 37
718 0 718 12
721 0 721 11
721 12 721 24
723 0 723 11
726 0 726 12
726 13 726 25
728 0 728 12
729 0 729 13
729 14 729 26
730 0 730 13
731 0 731 13
733 0 733 11
735 0 735 13
738 0 738 12
738 13 738 25
739 0 739 13
740 0 740 12
741 0 741 11
741 12 741 24
743 0 743 12
743 13 743 25
743 26 743 38
743 39 743 52
744 0 744 11
745 0 745 13
745 14 745 26
747 0 747 11
748 0 748 11
748 12 748 25
748 26 748 38
748 39 748 52
748 53 748 66
749 0 749 11
751 0 751 13
751 14 751 26
752 0 752 11
752 12 752 24
752 25 752 38
752 39 752 51
752 52 752 65
752 66 752 79
753 0 753 13
753 14 753 27
753 28 753 40
753 41 753 53
753 54 753 66
755 0 755 11
760 0 760 11
760 12 760 24
763 0 763 12
763 13 763 25
764 0 764 11
765 0 765 11
766 0 766 12
767 0 767 13
772 0 772 11
772 12 772 25
774 0 774 11
774 12 774 24
774 25 774 38
774 39 774 52
776 0 776 11
776 12 776 24
777 0 777 13
779 0 779 11
779 12 779 25
782 0 782 13
785 0 785 11
786 0 786 13
786 14 786 27
789 0 789 13
789 14 789 26
790 0 790 12
794 0 794 11
797 0 797 11
800 0 800 12
800 13 800 26
802 0 802 11
804 0 804 11
805 0 805 12
807 0 807 13
807 14 807 27
811 0 811 13
811 14 811 27
811 28 811 41
814 0 814 11
814 12 814 25
814 26 814 38
814 39 814 51
815 0 815 11
815 12 815 25
815 26 815 38
815 39 815 51
820 0 820 12
820 13 820 25
820 26 820 39
821 0 821 12
821 13 821 25
821 26 821 39
824 0 824 13
825 0 825 12
827 0 827 12
827 13 827 26
828 0 828 11
829 0 829 11
831 0 831 12
831 13 831 25
833 0 833 11
835 0 835 12
836 0 836 13
837 0 837 11
837 12 837 24
837 25 837 38
838 0 838 12
840 0 840 11
840 12 840 24
840 25 840 37
840 38 840 51
842 0 842 12
844 0 844 12
844 13 844 26
844 27 844 40
846 0 846 13
847 0 847 12
850 0 850 13
850 14 850 26
854 0 854 12
856 0 856 12
857 0 857 11
857 12 857 25
858 0 858 12
859 0 859 12
859 13 859 25
862 0 862 12
863 0 863 13
863 14 863 26
863 27 863 39
863 40 863 53
864 0 864 13
864 14 864 26
866 0 866 12
867 0 867 12
868 0 868 11
869 0 869 11
870 0 870 13
871 0 871 12
872 0 872 13
874 0 874 11
875 0 875 11
876 0 876 11
877 0 877 11
877 12 877 24
877 25 877 37
879 0 879 11
880 0 880 13
880 14 880 27
881 0 881 12
881 13 881 25
882 0 882 12
883 0 883 13
883 14 883 27
884 0 884 11
884 12 884 25
885 0 885 11
885 12 885 25
886 0 886 11
889 0 889 11
891 0 891 12
891 13 891 26
892 0 892 12
892 13 892 25
893 0 893 11
894 0 894 11
894 12 894 25
894 26 894 38
894 39 894 52
895 0 895 12
896 0 896 11
898 0 898 12
898 13 898 26
899 0 899 11
905 0 905 13
906 0 906 13
906 14 906 27
907 0 907 13
909 0 909 11
913 0 913 11
914 0 914 13
914 14 914 26
915 0 915 12
916 0 916 11
919 0 919 13
921 0 921 11
921 12 921 25
922 0 922 13
922 14 922 27
925 0 925 11
926 0 926 12
926 13 926 26
928 0 928 13
928 14 928 26
931 0 931 12
931 13 931 25
933 0 933 12
934 0 934 12
934 13 934 26
936 0 936 12
936 13 936 25
938 0 938 11
940 0 940 13
941 0 941 12
942 0 942 12
942 13 942 25
945 0 945 11
948 0 948 11
953 0 953 13
954 0 954 11
956 0 956 12
956 13 956 26
956 27 956 39
958 0 958 11
961 0 961 12
961 13 961 25
961 26 961 39
964 0 964 13
964 14 964 26
964 27 964 39
966 0 966 13
966 14 966 26
967 0 967 12
968 0 968 13
970 0 970 11
971 0 971 13
971 14 971 27
971 28 971 41
972 0 972 11
973 0 973 11
974 0 974 12
975 0 975 11
977 0 977 11
977 12 977 24
981 0 981 11
983 0 983 12
987 0 987 13
987 14 987 26
988 0 988 11
988 12 988 24
992 0 992 11
995 0 995 13
995 14 995 26
996 0 996 12
996 13 996 25
996 26 996 38
997 0 997 11
997 12 997 24
